0000000000000000000001222100000000000000000000000000000000000122210000000000001222100000000000000000
0000000000000000000012222100000000000000000000000000000000000122211000000000012222100000000000000000
0000000000000000000012222100000000000000000000000000000000000122221000000000012222100000000000000000
0000000000000000000122222100000000000000000000000000000000000122221100000000122222100000000000000000
0000000000000000001222222200000000000000000000000000000000000122222100000000122222100000000000000000
0000000000000000011222222210000000000000000000000000000000000122222100000000122221000000000000000000
0000000000001111112222222210000000000000011110000000000000000112221100000000112211000000000000000000
0000000000011111112222222210000000000000111110000000000000000011211100000000111110000000000000000000
0000000000112222122222222221000000000001122211000000000000000001111000000000001000000000000000000000
0000000000122222112222222221000000000011222211000000000000000000000000000000000000000000000000000000
0000000000122222111222222222100000000012222211000000000000000000000000000000000000000000000000000000
0000000000122222111122222222100000000122222211000000000000000000000000000000000000000000000000000000
0000000000122221100112222222210000011222222210000000000000000000000000000000000000000000000000000000
0000000000122221000001122222211001112222222100000000000000000000000000000000000000000000000000000000
0000000000122210000000112222221111222222222100000000000000000000000000000000000000000000000000000000
0000000000122110000000012222221112222222221000000000000000000000000000000000000000000000000000000000
0000000000111100000000001222221122222222221000000000000000000000000000000000000000000000000000000000
0000000000011000000000000122221122222222210000000000000000000000000000000000000000000000000000000000
0000000000011000000000000011111122222222210000000000000000000000000000000000000000000000000000000000
0000000000000000000000000001111112222222100000000000000000000000000000000000000000000000000000000000
0000000000000000000000000000000112222222100000000000000000000000000000000000000000000000000000000000
0000000000000000000000000000000011222222100000000000000000000000000000000000000000000000000000000000
0000000000000000000000000000000001222222100000000000000000000000000000000000000000000000000000000000
0000000000000000000000000000000000122221000000000000000000000000000000000000000000000000000000000000
0000000000000000000000000000000000112221000000000000000000000000000000000000000000000000000000000000
0000000000000000000000000000000000012221000000000000000000000000000000000000000000000000000000000000
0000000000000000000000000000000000011221000000000000000000000000000000000000000000000000000000000000
0000000000000000000000000000000000001111000000000000000000000000000000000000000000000000000000000000
0000000000000000000000000000000000001111000000000000000000000000000000000000000000000000000000000000
0000000000000000000000000000000000000111000000000000000000000000000000000000000000000000000000000000
0000000000000000000000000000000000000111000000000000000000000000000000000000000000000000000000000000
0000000000010000000000000000000000000111000000000000000000000000000000000000000000001111100000000000
0000000000111000000000000000000000000111000000000000000000000000000000000000000000011112110000000000
0000000001111000000000000000000000000111000000000000000000000000000000000000000000111122211000000000
0000000001222100000000000000000000001111000000000000000000000000000000000000000000011222221000000000
0000000012222110000000000000000000001111000000000000000000000000000000000000000000011222221000000000
1000000112222210000000000000000000001221000000000000000000000000000000000000000000001122221000000000
1100001122222221000000000000000000011221000000000000000000000000000000000000000000000122222000000000
2110011222222221000000000000000000012221000000000000000000000000000000000000000000000122222000000000
2111111222222221100000000000000000122221000000000000000000000000000000000000000000000012222000000000
2211112222222222110000000000000000122221000000000000000000000000000000000000000000000011222100000000
2211112222222222110000000000000001222221000000000000000000000000000000000000000000000001222100000000
2111111222222221111000000000000001222222000000000000000000000000000000000000000000000000121100000000
1111111112222211110000000000000001222222000000000000000000000000000000000000000000000000111100000000
1111111111111111100000000000000011222222000000000000000000000000000000000000000000000000011100000000
0000000000000000000000000000000001222222000000000000000000000000000000000000000000000000011100000000
0000000000000000000000000000000001222222000000000000000000000000000000000000000000000000011110000000
0000000000000000000000000000000001222221000000000000000000000000000000000000000000000000011110000000
0000000000000000000000000000000000122221000000000000000000000000000000000000000000000000011211000000
0000000000000000000000000000000000112221000000000000000000000000000000000000000000000000011221000000
0000000000000000000000000000000000012221000000000000000000000000000000000000000000000000012221100000
0000000000000000000000000000000000011221000000000000000000000000000000000000000000000000012222100000
0000000000000000000000000000000000001111000000000000000000000000000000000000000000000000012222210000
0000000000000000000000000000000000000111000000000000000000000000000000000000000000000000012222210000
0000000000000000000000000000000000000110000000000000000000000000000000000000000000000000012222221000
0000000000000000000000000000000000000000000000000000000000000000000000000000000000000000001222221100
0000000000000000000000000000000000000000000000000000000011111111111111111100000000000000001222221111
0000000000000000000000000000000000000000000000000000000011122222111111111110000000000000001122221111
0000000000000000000000000000000000000000000000000000000112222222221111122221000000000000000111111111
0000000000000000000000000000000000000000000000000000000112222222221111122222100000000000000000111112
0000000000000000000000000000000000000000000000000000000012222222221111122222210000000000000000000112
0000000000000000000000000000000000000000000000000000000012222222221111122222221000000000000000000011
0000000000000000000000000000000000000000000000000000000012222222211000112222222100000000000000000001
0000000000000000000000000000000000000000000000000000000001222222110000012222222200000000000000000001
0000000000000000000000000000000000000000000000000000000001222222100000001222222210000000000000000000
0000000000000000000000000000000000000000000000000000000000122221100000001222222221000000000000000000
0000000000000000000000000000000000000000000000000000000000112221000000000122222222000000000000000000
0000000000000000000000100000000000000000000000000000000000011110000000000122222222100000000000000000
0000000000000000000011111000000000000000000000000000000000001110000000000022222222200000000000000000
0000000000000000000112211000000000000000000000000000000000000100000000000022222222200000000000000000
0000000000000000000122221000000000000000000000000000000000000000000000000012222222210000000000000000
0000000000000000001222221000000000000000000000000000000000000000000000000012222222210000000000000000
0000000000000000001222221000000000000000000000000000000000000000000000000012222222210000000000000000
0000000000000000001222210000000000000000000000000000000000000000000000000012222222210000000000000000
0000000000000000001222210000000000000000000000000000000000000000000000000012222222210000000000000000
0000000000000000001222100000000000000000000000000000000000000000000000000012222222210000000000000000
0000000000000000001221100000000000000000000000000000000000000000000000000012222222210000000000000000
0000000000000000001111000000000000000000000000000000000000000000000000000012222222210000000000000000
0000000000000000001111000000000000000000000000000000000000000000000000000012222222210000000000000000
0000000000000000000110000000000000000000000000000000000000000000000000000012222222210000000000000000
1110000000000000000000000000000000000000000000000000000000000000000000000012222222210000000000000000
2221000000000000000000000000000000000000111110000000000000000000000000000022222222210000000000000000
2222000000000000000000000000000000000001121110000000000000000000000000000122222222210000000000000000
2222100000000000000000000000000000000012222211000000000000000000000000000122222222210000000000000000
2222200000000000000000000000000000000122222211000000000000000000000000000222222222210000000000000000
2222210000000000000000000000000000000122222210000000000000000011000000001222222222210000000000000000
2222210000000000000000000000000000001222222210000000000000000111100000001222222222210000000000000000
2222210000000000000000000000000000001222222210000000000000000111111000012222222222210000000000000000
2222210000000000000000000000000000012222222100000000000000000122221111112222222222210000000000000000
2222210000000000000000000000000000122222222100000000000000000122222111122222222222210000000000000000
2222210000000000000000000000000000122222221000000000000000000122222211122222222222210000000000000000
2222210000000000000000000000000001222222221000000000000000000122222221222222222222210000000000000000
2222210000000000000000000000000001222222210000000000000000000222222221122222222222210000000000000000
2222100000000000000000000000000001222222210000000000000000000222222221111222222222200000000000000000
2222100000000000000000000000000011222222100000000000000000000222222211111122222222200000000000000000
1111000000000000000000000000000001222222100000000000000000000222222211000112222222200000000000000000
0000000000000000000000000000000001222222100000000000000000000222222110000001222222200000000000000000
0000000000000000000000000000000001222222100000000000000000000122222100000000122222100000000000000000
0000000000000000000000000000000000122221000000000000000000000122221000000000012222100000000000000000
0000000000000000000000000000000000112221000000000000000000000122211000000000012222100000000000000000
0000000000000000000000000000000000012221000000000000000000000122210000000000001222100000000000000000
0000000000000000000000000000000000011221000000000000000000000122100000000000001122100000000000000000
0000000000000000000000000000000000001121000000000000000000000111100000000000000111100000000000000000
0000000000000000000000000000000000001111000000000000000000000111000000000000000111100000000000000000
0000000000000000000000000000000000001111100000000000000000000010000000000000000011100000000000000000
0000000000001111110000000000000000001121100000000000000000000000000000000000000011110000000000000000
0000000000012222221000000000000000001122100000000000000000000000000000000000000011110000000000000100
0000000000122222222100000000000000001222110000000000000000000000000000000000000001110000000000001110
0000000000222222222210000000000000001222210000000000000000000000000000000000000001211000000000011110
0000000001222222222220000000000000001222221000000000000000000000000000000000000001221000000000112211
0000000001222222222221000000000000001222221000000000000000000000000000000000000001222100000000122221
0000000001222222222221000000000000002222222100000000000000000000000000000000000001222110000001222222
0000000001222222222222100000000000012222222100000000000000000000000000000000000001222210000011222222
0000000001222222222222100000000000012222222210000000000000000000000000000000000001222211000112222222
0000000000222222222222100000000000012222222211000000000000000000000000000000000001222221111112222222
0000000000222222222222100000000000012222222211100000000000000000000000000000000001222221111122222222
0000000000122222222222110000000000012222222221111100000000000000000000000000000000122221111122222222
0000000000122222222222110000000000011222222211111111100000000000000000000000000000122221111112222222
0000000000012222222222110000000000011122221111112222110000000000000000000000000000111111111111222222
0000000000012222222211100000000000001111111111112222210000000000000000000000000000011111111111111111
0000000000001111111110000000000000000000000000112222210000000000000000000000000000000000000000000000
0000000000000000000000000000000000000000000000012222221000000000000000000000000000000000000000000000
0000000000000000000000000000000000000000000000011222221000000000000000000000000000000000000000000000
0000000000000000000000000000000000000000000000001222221000000000000000000000000000000000000000000000
0000000000000000000000000000000000000000000000000122221000000000000000000000000000000000000000000000
0000000000000000000000000000000000000000000000000122211000000000000000000000000000000000000000000000
0000000000000000000000000000000000000000000000000012211000000000000000000000000000000000000000000000
0000000000000000000000000000000000000000000000000011211000000000000000000000000000000000000000000000
0000000000000000000000000000000000000000000000000001111000000000000000000000000000000000000000000000
0000000000000000000000000000000000000000000000000001111000000000000000000000000000000000000000000000
0000000000000000000000000000000000000000000000000001221000000000000000000000000000000000000000000000
0000000000000000000000000000000000000000000000000001221000000000000000111100000000000000000000000000
0000000000000000000000000000000000000000000000000001222100000000000001111110000000000000000000000000
0000000000000000000000000000000000000000000000000012222100000000000012222110000000000000000000000000
0000000000000000000000000000000000000000000000000012222210000000000122222110000000000000000000000000
0000000000000000000000000000000000000000000000000012222210000000001222222110000000000000000000000000
0000000000000000000000000000000000000000000000000012222221000000012222222100000000000000000000000000
0000000000000000000000000000000000000000000000000012222221100000122222221100000000000000000000000000
0000000000000000000000000000000000000000000000000122222222110011222222221000000000000000000000000000
0000000000000000000000000000000000000000000000000122222222111112222222210000000000000000000000000000
0000000000000000000000000000000000000000000000000122222222211222222222210000000000000000000000000000
0000000000000000000000000000000000000000000000000122222222212222222222100000000000000000000000000000
0000000000000000000000000000000000000000000000000112222222112222222222100000000000000000000011000000
0000000000000000000000000000000000000000000000000111222221111222222221000000000000000000001111100000
0000000000000000000000000000000000000000000000000011111111111222222221000000000000000000001122210000
0000000000000000000000000000000000000000000000000000000000001122222221000000000000000000001222221000
0000000000000000000000000000000000000000000000000000000000000122222210000000000000000000001122221000
0000000000000000000000011000000000000000000000000000000000000012222210000000000000000000000122221000
0000000000000000000000111100000000000000000000000000000000000011222210000000000000000000000122221000
0000000000000000000001122100000000000000000000000000000000000001222210000000000000000000000012221000
0000000000000000000001222100000000000000000000000000000000000000122210000000000000000000000012221000
0000000000000000000012222100000000000000000000000000000000000000122110000000000000000000000001221000
0000000000000000000012222100000000000000000000000000000000000000011110000000000000000000000001111000
0000000000000000000122222100000000000000000000000000000000000000011100000000000000000000000000111000
0000000000000000001222222200000000000000000000000000000000000000001100000000000000000000000000011000
1111111111110000011222222210000000000000000000000000000000000000000000000000000000000000000000000000
2222222222211111112222222210000000000000000000000000000000000000000000000000000000000000000000000000
2222222222222211112222222210000000000000000000000000000000000000000000000000000000000000000000000000
2222222222222222122222222221000000000000000000000000000000000000000000000000000000000000000000000000
2222222222222222112222222221000000000000000000000000000000000000000000000000000000000000000000000000
2222222222222222111222222222100000000000000000000000000000000000000000000000000000000000000000000000
2222222222222222111122222222100000000000000000000000000000000000000000000000000000000000000000000000
2222222222222221100112222222210000000000000000000000000000000000000000000000000000000000000000000000
2222222222222221000001122222211000000000000000000000000000000000000000000000000000000000000000000000
2222222222222210000000112222221000000000000000000000000000000000000000000000000000000000000000000000
2222222222222210000000012222221100000000000000000000000000000000000000000000000000000000000000000000
2222222222222100000000001222221110000000000000000000000000000000000000000000000000000000000000000000
2222222222222100000000000122221110000000000000000000000000000000000000000000000000000000000000000000
2222222222221000000000000011111110000000000000000000000000000000000000000000000000000000000000000000
2222222222221000000000000001111000000000000000000000000000000000000000000000000000000000000000000000
1112222222220000000000000000000000000000000000000000000000000000000000000000000000000000000000000000
0001222222210000000000000000000000000000000000000000000000000000000000000000110000000000000000000000
0000122222210000000000000000000000000000000000000000000000000000000000000001111000000000000000000000
0000012222210000000000000000000000000000000000000000000000000000000000000001111000000000000000000000
0000001222210000000000000000000000000000000000000000000000000000000000000001221100000000000000000000
0000001122210000000000000000000000000000000000000000000000000000000000000001222100000000000000000000
0000000122110000000000000000000000000000000000000000000000000000000000000001222210000000000000000000
0000000111110000000000000000000000000000000000000000000000000000000000000001222211000000000000000000
0000000011100000000000000000000000000000000000000000000000000000000000000001222221000000000000000000
0000000001100000000000000000000000000000000000000000000000000000000000000012222222100000000000000000
0000000001100000000000000000000000000000000000000000001111110000000000000012222222211000000000000000
0000000000100000000000000000000000000000000000000000012222221000000000000012222222221111000000000000
0000000000000000000000000000000000000000000000000000122222222100000000000022222222222111000000000000
0000000000000000000000000000000000000000000000000000222222222210000000000122222222222221000000000000
0000000000000000000000000000000000000000000000000001222222222220000000000122222222222221000000000000
0000000000000000000000000000000000000000000000000002222222222221000000001222222222222221000000000000
0000000000000000000000000000000000000000000000000012222222222222100000001222222222222221000000000000
0000000000000000000000000000000000000000000000000012222222222222110000012222222222222211000000000000
0000000000000000000000000000000000000000000000000022222222222222211000112222222222222210000000000000
0000000000000000000000000000000000000000000000000122222222222222221111122222222222222110000000000000
0000000000000000000000000000000000000000000000000122222222222222221111122222222222222100000000000000
0000000000000000000000000000000000000000000000000122222222222222221111122222222222222000000000000000
0000000000000000000000000000000000000000000000000122222222222222221111122222222222221000000000000000
0000000000000000000000000000000000000000000000000112222222222222211111111222222222221000000000000000
0000000000100000000000000000000000000000000000000011222222222221111111111122222222210000000000000000
0000000001100000000000000000000000000000000000000001111111111111000000000112222222210000000000000000
0000000001100000000000000000000000000000000000000000000000000000000000000001222222210000000000000000
0000000011100000000000000000000000000000000000000000000000000000000000000000122222200000000000000000
0000000111110000000000000000000000000000000000000000000000000000000000000000012222100000000000000000
0000000122110000000000000000000000000000000000000000000000000000000000000000012222100000000000000000
0000001122210000000000000000000000000000000000000000000000000000000000000000001222100000000000000000
0000001222210000000000000000000000000000000000000000000000000000000000000000001122100000000000000000
0000012222210000000000000000000000000000000000000000000000000000000000000000000121100000000000000000
0000112222210000000000000000000000000000000000000000000000000000000000000000000111100000000000000000
0001122222200000000000000000000000000000000000000000000000000000000000000000000111100000000000000000
1112222222100000000000000001111100000000000000000000000000000000000000000000000112110000000000000000
2222222222100000000000000012222211000000000000000000000000000000000000000000000112210000000000000000
2222222222000000000000000122222222100000000000000000000000000000000000000000000122210000000000000000
2222222221000000000000000222222222100000000000000000000000000000000000000000000122221000000000000000
2222222221000000000000001222222222210000000000000000000000000000000000000000000122221000000000000000
2222222210000000000000002222222222210000000000000000000000000000000000000000000122222100000000000000
2222222210000000000000002222222222220000000000000000000000000000000000000000001222222110000000000000
2222222200000000000000002222222222221000000000000000000000000000000000000000001222222210000000000000
2222222100000000000000002222222222221000000000000000000000000000000000000000001222222211000000000000
2222222100000000000000002222222222222000000000000000000000000000000000000000001222222221000000000000
2222222000000000000000002222222222222100000000000000000000000000000000000000001222222221100000000000
2222221000000000000000002222222222222100000000000000000000000000000000000000011222222221100000000000
2222220000000000000000001222222222221100000000000000000000000000010000000000011222222221100000000000
2222210000000000000000001222222222221100000000000000000000000001111100000000001112222111100000000000
2222100000000000000000000122222222111000000000000000000000000011221100000000000111111111000000000000
1111000000000000000000000011111111100000000000000000000000000012222100000000000000000000000000000000
0000000000000000000000000000000000000000000000000000000000000122222100000000000000000000000000000000
0000000000000000000000000000000000000000000000000000000000000122221100000000000000000000000000000000
0000000000000000000000000000000000000000000000000000000000000122221000000000000000000000000000000000
0000000000000000000000000000000000000000000000000000000000000122211000000000000000000000000000000000
0000000000000000000000000000000000000000000000000000000000000122210000000000000000000000000000000000
0000000000000000000000000000000000000000000000000000000000000122100000000000000000000000000000000000
0000000000000000000000000000000000000000000000000000000000000111100000000000000000000000000000000000
0000000000000000000000000000000000000000000000000000000000000111000000000000000000000000000000000000
0000000000000000000000000000000000000000000000000000000000000000000000000000000000000000000000000000
0000000000000000000000000000000000000000000000000000000000000000000000000000000000000000000000000000
0000000000000111110000000000000000000000000000000000000000000000000000000000000000000000000000000001
0000000000001111211000000000000000000000000000000000000000000000000000000000000000000000000000000011
0000000000001122222100000000000000000000000000000000000000000000000000000000000000000000000000000011
0000000000001122222210000000000000000000000000000000000000000000000000000000000000000000000000000012
0000000000001122222210000000000000000000000000000000000000000000000000000000000000000000000000000011
0000000000000122222221000000000000000000000000000000000000000000000000000000000000000000000000000001
0000000000000112222222000000000000000000000000000000000000000000000000000000000000000000000000000001
0000000000000012222222100000000000000000000000000000000000000000000000000000000000000000000000000001
0000000000000011222222200000000000000000000000000000000000000000000000000000000000000000000000000000
0000000000000001222222210000000000000000000000000000000000000000000000000000000000000000000000000000
0000000000000000222222220000000000000000000000000000000000000000000000000000000000000000000000000000
0000000000000000122222221000000000000000000000000000000000000000000000000000000000000000000000000000
0000000000000000122222222000000000000000000000000000000000000000000000000000000000000000000000000000
0000000000000000022222222100000000000000000000000000000000000000000000000000000000000000000000000000
0000000000000000022222222100000000000000000000000000000000000000000000000000000000000000000000000000
0000000000000000012222222200000000000000000000000000000000000000000000000000000000000000000000000000
0000000000000000012222222200000000000000000000000000000000000000000000000000110000000000000000000000
0000000000000000012222222210000000000000000000000000000000000000000000000001111000000000000000000000
0000000000000000012222222210000000000000000000000000000000000000000000000001221100000000000000000000
0000000000000000012222222210000000000000000000000000000000000000000000000001222100000000000000000000
0000000000000000012222222210000000000000000000000000000000000000000000000001222210000000000000000000
0000000000000000012222222210000000000000000000000000000000000000000000000001222210000000000000000000
0000000000000000012222222200000000000000000000000000000000000000000000000001222221000000000000000000
0000000000000000012222222200000000000000000000000000000000000000000000000001222221100000000000000000
0000000000000000002222222100000000000000000000000000000000000000000000000000122222110000000000000000
1100000000000000002222222100000000000000000000000000000000000000000000000000112222111111100000000000
1110000000000000001222221000000000000000100000000000000000000000000000000000011222111111110000000000
2110000000000000000122210000000000000001110000000000000000000000000000000000001111111122210000000000
2110000000000000000111100000000000000001111000000000000000000000000000000000000011111222221000000000
2110000000000000000000000000000000000001221000000000000000000000000000000000000000111222222100000000
2110000000000000000000000000000000000002222100000000000000000000000000000000000000001122222210000000
2100000000000000000000000000000000000002222100000000000000000000000000000000000000001122222221000001
1100000000000000000000000000000000000012222210000000000000000000000000000000000000000122222222110011
1000000000000000000000000000000000000002222211000000000000000000000000000000000000000012222222211111
0000000000000000000000000000000000000002222211000000000000000000000000000000000000000012222222222112
0000000000000000000000000000000000000001222211000000000000000000000000000000000000000001222222222212
0000000000000000000000000000000000000001222211000000000000000000000000000000000000000001222222222211
0000000000000000000000000000000000000001111111000000000000000000000000000000000000000000122222222111
0000000000000000000000000000000000000000111110000000000000000000000000000000000000000000122222222111
0000000000000000000000000000000000000000000000000000000000000000000000000000000000000000022222221100
0000000000000000000000000000000000000000000000000000000000000000000000000000000000000000012222221000
0000000000000000000000000000000000000000000000000000000000000000000000000000000000000000012222210000
0000000000000000000000000000000000000000000000000000000000000000000000000000000000000000012222210000
0000000000000000000000000000000000000000000000000000000000000000000000000000000000000000012222100000
0000000000000000000000000000000000000000000000000000000000000000000000000000000000000000012221100000
0000000000000000000000000000000000000000000000000000000000000000000000000000000000000000011221000000
0000000000000000000000000000000000000000000000000000000000000000000000000000000000000000011211000000
0000000000000000000000000000000000000000000000000000000000000000000000000000000000000000011110000000
0000000000000000000000000000000000000000000000000000000000000000000000000000000000000000011110000000
0000000000000000000000000001111100000000000000000000000000000000000000000000000000000000001110000000
0000000000000000000000000012222210000000000000000000000111110000000000000000000000000000001110000000
0000000000000000000000000122222221000000000000000000001111111000000000000000000000000000001110000000
0000000000000000000000000222222222000000000000000000011222111000000000000000000000000000001110000000
0000000000000000000000001222222222000000000000000000012222211000000000000000000000000000011110000000
0000000000000000000000001222222222100000000000000000012222211000000000000000000000000000011111000000
0000000000000000000000002222222222100000000000000000022222110000000000000000000000000000011211000000
0000000000000000000000002222222222100000000000000000022222100000000000000000000000000000011221000000
0000000000000000000000002222222222100000000000000000122221100000000000000000000000000000012222100000
0000000000000000000000002222222222100000000000000000122221000000000000000000000000000000012222100000
0000000000000000000000001222222222100000000000000000122210000000000000000000000000000000012222210000
0000000000000000000000001222222222000000000000000000122210000000000000000000000000000000012222210000
0000000000000000000000000222222222000000000000000000122100000000000000000000000000000000012222221000
0000000000000000000000000122222221000000000000000000111100000000000000000000000000000000012222221000
0000000000100000000000000012222210000000000000000000111000000000000000000000000000000000012222221000
0000000001100000000000000001111100000000000000000000111000000000000000000000000000000000012222221000
0000000011100000000000000000000000000000000000000001111000000000000000000000000000000000012222221000
0000000011100000000000000000000000000000000000000001111000000000000000000000000000000000012222210000
0000000111110000000000000000000000000000000000000011211000000000000000000000000000000000012222210000
0000000122110000000000000000000000000000000000000012211000000000000000000000000000000000012222100000
0000001122210000000000000000000000000000000000000122211000000000000000000000000000000000012221100000
0000001222210000000000000000000000000000000000000122221000000000000000000000000000000000011221000000
0000012222210000000000000000000000000000000000001222221000000000000000000000000000000000011111000000
0000122222210000000000000000000000000000000000012222221000000000000000000000000000000000001110000000
0001222222210000000000000000000000000000000000122222221000000000000000000000000000000000001100000000
1112222222220000000000000000000000000000111112222222221000000000000000000000000000000000000000000000
2222222222221000000000000000000000000001222222222222221000000000000000011100000000000000000000000000
2222222222221000000000000000000000000002222222222222221000000000000000111110000000000000000000000000
2222222222222100000000000000000000000012222222222222221000000000000000122221000000000000000000000000
2222222222222100000000000000000000000012222222222222221000000000000000122222100000000000000000000000
2222222222222210000000000000000000000022222222222222221000000000000000122222210000000000000000000000
2222222222222210000000000000000000000022222222222222221000000000000000122222221000000000000000000000
2222222222222221000000000000000000000022222222222222221000000000000000112222222100000000000000000000
2222222222222221000000000000000000000022222222222222221000000000000000012222222200000000000000000000
2222222222222221100000000000000000000022222222222222221000000000000000001222222210000000000000000000
2222222222222222100000000000000000000022222222222222221000000000000000001222222221000000000000000000
2222222222222222100000000000000000000012222222222222221000000000000000000122222222000000000000000000
2222222222222221100000000000000000000012222222222222221000000000000000000122222222100000000000000000
2222222222222211100000000000000000000002222222222222221000000000000000000022222222200000000000000000
2222222222211111000000000000000000000001222222222222221000000000000000000022222222200000000000000000
1111111111110000000000000000000000000000111112222222221000000000000000000012222222210000000000000000
0000000000000000000000000000000000000000000000122222221000000000000000000012222222210000000000000000
0000000000000000000000000000000000000000000000012222221000000000000000000012222222210000000000000000
0000000000000000000000000000000000000000000000001222221000000000000000000012222222210000000000000000
0000000000000000000000000000000000000000000000000122221000000000000000000012222222210000000000000000
0000000000000000000000000000000000000000000000000122211000000000000000000012222222210000000000000000
0000000000000000000000000000000000000000000000000012210000000000000000000012222222210000000000000000
0000000000000000000000000000000000000000000000000011110000000000000000000012222222210000000000000000
0000000000000000000000000000000000000000000000000001110000000000000000000012222222210000000000000000
0000000000000000000000000000000000000000000000000000000000000000000000000002222222210000000000000000
0000000000000000000000000011111100000000000000000000000000000000000000000002222222200000000000000000
0000000000000000000000001122222211000000000000000000000000000000000000000001222222200000000000000000
0000000000000000000000001222222222000000000000000000000000000000000000000001222222100000000000000000
0000000000000000000000012222222222100000000000000000000000000000000000000000122221000000000000000000
0000000000000000000000122222222222210000000000000000000000000000000000000000011110000000000000000000
0000000000000000000000122222222222210000000000000000000000000000000000000000000000000000000000000000
0000000000000000000000222222222222220000000000000000000000000000000000000000000000000000000000000000
0000000000000000000001222222222222221000000000000000000000000000000000000000000000000000000000000000
0000000000000000000001222222222222221000000000000000000000000000000000000000000000000000000000000000
0000000000000000000001222222222222222000000000000000000000000000000000000000000000000000000000000000
0000000000000000000012222222222222222100000000000000000000000000000000000000000000000000000000000000
0000000000000000000012222222222222222100000000000000000000000000000000000000000000000000000000000000
0000000000000000000011222222222222222200000000000000000000000000000000000000000000000000000000000000
0000000000000000000011222222222222222210000000000000000000000000000000000000000000000000000000000000
0000000000000000000001112222222222222210000000000000000000000000000000000000000000000000000000000000
0000000000000000000000011111111222222221000000000000000000000000000000000000000000000000000000000000
0000000000000000000000000000000112222221000000000000000000000000001100000000000000000000001100000000
0000000000000000000000000000000001222221000000000000000000000000011100000000000000000000001110000000
0000000000000000000000000000000000122221000000000000000000000000011110000000000000000000011111000000
0000000000000000000000000000000000112221000000000000000000000000122110000000000000000000011221000000
0000000000000000000000000000000000012221000000000000000000000000122210000000000000000000012221100000
0000000000000000000000000000000000001221000000000000000000000001222210000000000000000000012222100000
0000000000000000000000000000000000001111000000000000000000000012222210000000000000000000012222210000
0000000000000000000000000000000000000111000000000000000000000112222210000000000000000000012222210000
0000000000000000000000000000000000000000000000000000000000001222222210000000000000000000012222221000
0000000000000000000000000000000000000000000000000000000111112222222210000000000000000000012222221000
0000000000000000000000000000000000000000000000000000001222222222222210000000000000000000012222221000
0000000000000000000000000000000000000000000000000000002222222222222210000000000000000000012222221000
0000000000000000000000000000000000000000000000000000012222222222222220000000000000000000012222221000
0000000000000000000000000000000000000000000000000000022222222222222220000000000000000000012222210000
0000000000000000000000000000000000000000000000000000022222222222222220000000000000000000012222210000
1000000000000000000000000000000000000000000000000000122222222222222220000000000000000000012222100000
1100000000000000000000000000000000000000000000000000122222222222222220000000000000000000012222100000
2100000000000000000000000000000000000000000000000000122222222222222220000000000000000000011221000000
2100000000000000000000000000000000000000000000000000122222222222222220000000000000000000011211000000
2110000000000000000000000000000000000000000000000000122222222222222220000000000000000000011111000000
2210000000000000000000000000000000000000000000000000122222222222222220000000000000000000011110000000
2110000000000000000000000000000000000000000000000000022222222222222220000000000000000000001110000000
1110000000000000000000000000000000000000000000000000012222222222222210000000000000000000001110000000
1100000000000000000000000000000000000000000000000000011222222222222210000000000000000000001110000000
0000000000000000000000000000000000000000000000000000000111112222222210000000000000000000001110000000
0000000000000000000000000000000000000000000000000000000000001222222210000000000000000000011110000000
0000000000000000000000000000000000000000000000000000000000000112222210000000000000000000011110000000
0000000000000000000000000000000000000000000000000000000000000012222210000000000000000000011211000000
0000000000000000000000000000000000000000000000000000000000000001222210000000000000000000011221000000
0000000000000000000000000000000000000000000000000000000000000000122210000000000000000000012221100000
0000000000000000000000000000000000000000000000000000000000000000122110000000000000000000012222100000
0000000000000000000000000000000000000000000000000000000000000000011110000000000000000000012222210000
0000000000000000000000000000000000000000000000000000000000000000011100000000000000000000012222211000
0000000000000000000000000000000000000000000000000000000000000000001100000000000000000000012222221100
0000000000000000000000000000000000000111111111100000000000000000000000000000000000000000022222222110
0000000000011111111111111111111111111122222222210000000000000000000000000000000000000000122222222211
0000000000112211111111122222111111112222222222221000000000000000000000000000000000000000122222222222
0000000001122221111112222222221111122222222222222000000000000000000000000000000000000001222222222222
0000000001222222111112222222221111122222222222222100000000000000000000000000000000000001222222222222
0000000012222222111112222222221111122222222222222200000000000000000000000000000000000012222222222222
0000000012222222111112222222221111122222222222222210000000000000000000000000000000000012222222222222
0000000122222221100111222222211000112222222222222210000000000000000000000000000000000122222222222222
0000001222222221000001222222210000011222222222222220000000000000000000000000000000001122222222222222
0000001222222210000001122222100000001222222222222221000000000000000000000000000000001122222222222222
0000012222222210000000122222100000000122222222222221000000000000000000000000000000011222222222222221
0000012222222100000000012221000000000022222222222222000000000000000000000000000111111222222222222221
0000122222222100000000011111000000000012222222222222100000000000000000000000011111111122222222222210
0000122222221000000000001110000000000001222222222222100000000000000000000000112222111112222222222210
0000122222221000000000000100000000000000122222222222210000000000000000000000122222111111222222222210
0000122222220000000000000000000000000000011111222222210000000000000000000001222222110000112222222100
0000122222210000000000000000000000000000000000122222210000000000000000000001222221100000012222222100
0000012222210000000000000000000000000000000000012222220000000000000000000001222221000000001222222100
0000012222210000000000000000000000000000000000001222221000000000000000000001222210000000000122222100
0000001222210000000000000000000000000000000000000122221000000000000000000001222210000000000012221000
0000001122210000000000000000000000000000000000000122211000000000000000000001222100000000000012221000
0000000122110000000000000000000000000000000000000012210000000000000000000001221100000000000001221000
0000000112110000000000000000000000000000000000000011110000000000000000000001111000000000000001111000
0000000011110000000000000000000000000000000000000001110000000000000000000001111000000000000000111000
0000000011110000000000000000000000000000000000000000000000000000000000000001110000000000000000000000
0000000012210000000000000000000000000000000000000000000000000000000000000000110000000000000000000000
0000000012211000000000000000000000000000000000000000000000000000000000000000100000000000000000000000
0000000012221000000000000000000000000000000000000000000000000000000000000000000000000000000000000000
0000000012221100000000000000000000000000000000000000000000000000000000000000000000000000000000000000
0000000122222100000000000000000000000000000000000000000000000000000000000000000000000000000000000000
0000000122222110000000000000000000000000000000000000000000000000000000000000000000000000000000000000
0000000122222210000000000000000000000000000000000000000000000000000000000000000000000000000000000000
0000000122222221000000000000000000000000000000000000000000000000000000000000000000000000000000000000
0000000122222221100000000000000000000000000000000000000000000000000000000000000000000000000000000000
0000001222222221100000000000000000000000000000000000000000000000000000000000000000000000000000000000
0000001222222222110000000000000000000000000000000000000000000000000000000000000000000000000000000000
0000001122222222110000000000000000000000000000000000000000000000000000000000000000000000000000000000
0000001122222221110000000000000000000000000000000000000000000000000000000000000000000000000000000000
0000001112222211100000000000000000000000000000000000000000000000000000000000000000000000000000000000
0000000111111111100000000000000000000000000000000000000000000000000000000000100000000000000000000000
0000000000000000000000000000000000000000000000000000000000000000000000000000110000000000000000000000
0000000000000000000000000000000000000000000000000000000000000000000000000001110000000000000000000000
0000000000000000000000000000000000000000000000000000000000000000000000000001111000000000000000000000
0000000000000000000000000000000000000000000000000000000000000000000000000001111000000000000000000000
0000000000000000000000000000000000000000000000000000000000000000000000000001221100000000000000000000
0000000000000000000000000000000000000000000000000000000000000000000000000001222100000000000000000000
0000000000000000000000000000000000000000000000000000000000000000000000000001222210000000000000000000
0000000000000000000000000000000000000000000000000000000000000000000000000001222210000000000000000000
0000000000000000000000000000000000000000000000000000000000000000000000000001222221000000000000000000
0000000000000000000000000000000000000000000000000000000000000000000000000001222221100000000000000000
0000000000000000000000000011111111111111111111111100000000000000000000000000122222110000000000000000
0000000000000000000000000122222222222222222222222110000000000000000000000000112222111111111111111111
0000000000000000000000001222222222222222222222222211000000000000000000000000011222111112222211111111
0000000000000000000000001222222222222222222222222221000000000000000000000000001111111122222222111111
0000000000000000000000002222222222222222222222222221000000000000000000000000000011111222222222211112
0000000000000000000000002222222222222222222222222221000000000000000000000000000000111222222222211112
0000000000000000000000002222222222222222222222222221000000000000000000000000000000001122222222111111
0000000000000000000000002222222222222222222222222220000000000000000000000000000000001122222222110011
0000000000000000000000002222222222222222222222222210000000000000000000000000000000000122222221100001
0000000000000000000000002222222222222222222222222210000000000000000000000000000000000012222211000000
0000000000000000000000002222222222222222222222222200000000000000000000000000000000000011222210000000
0000000000000000000000002222222222222222222222222100000000000000000000000000000000000001222100000000
0000000000000000000000001222222222222222222222222000000000000000000000000000000000000000111100000000
0000000000000000000000001222222222222222222222221000000000000000000000000000000000000000111000000000
0000000000000000000000000122222222222222222222210000000000000000000000000000000000000000010000000000
0000000000000000000000000011111111111111111111100000000000000000000000000000000000000000000000000000
0000000000000000000000000000000000000000000000000000000000000000000000000000000000000000000000000000
0000000000000000000000000000000000000000000000000000000000000000000000000000000000000000000000000000
0000000000000000000000000000000000000000000000000000000000000000000000000000000000000000000000000000
0000000000000000000000000000000000000000000000000000000000000000000000000000000000000000000000000000
0000000000000000000000000000000000000000000000000000000000000000000000000000000000000000000000000000
0000000000000000000000000000000000000000000000000000000000000000000000000000000000000000000000000000
0000000000000000000000000000000000000000000000000000000000000000000000000000000000000000000000000000
0000000000000000000000000000000000000000000000000000000000000000000000000000000000000000000000000000
0000000000000000000000000000000000000000000000000000000000000000000000000000000000000000000000000000
0000000000000000000000000000000000000000000000000000000000001111111110000000000000000000000000000000
0000000000000111110000000000000000000000000000000000000011111122222211111000000000000000000000000000
0000000000000111211000000000000000000000000000000000000111122222222222211100000000000000000000000000
0000000000000122222100000000000000000000000000000000000112222222222222222100000000000000000000000000
0000000000000122222210000000000000000000000000000000000112222222222222222100000000000000000000000000
0000000000000122222210000000000000000000000000000000000112222222222222222100000000000000000000000000
0000000000000122222221000000000000000000000000000000000012222222222222222100000000000000000000000000
0000000000000112222222000000000000000000000000000000000012222222222222221000000000000000000000000000
0000000000000012222222100000000000000000000000000000000001222222222222221000000000000000000000000000
0000000000000011222222200000000000000000000000000000000001222222222222210000000000000000000000000000
0000000000000001222222210000000000000000000000000000000000122222222222210000000000000000000000000000
0000000000000000222222220000000000000000000000000000000000122222222222100000000000000000000000000000
0000000000000000122222221000000000000000000000000000000000012222222222100000000000000000000000000000
0000000000000000122222222000000000000000000000000000000000012222222222000000000000000000000000000000
0000000000000000022222222100000000000000000000000000000000012222222221000000000000000000000000000000
0000000000000000022222222100000000000000000000000000000000002222222221000000000000000000000000000000
0000000000000000012222222200000000000000000000000000000000002222222221000000000000000000000000000000
0000000000000000012222222200000000000000000000000000000000001222222221000000000000000000000000000000
0000000000000000012222222210000000000000000000000000000000001222222220000000000000000000000000000000
0000000000000000012222222210000000000000000000000000000000001222222220000000000000000000000000000000
0000000000000000012222222210000000000000000000000000000000001222222220000000000000000000000000000000
0000000000000000012222222210000000000000000000000000000000001222222220000000000000000000000000000000
0000000000000000012222222210000000000000000000000000000000001222222220000000000000000000000000000000
0000000000000000012222222210000000000000000000000000000000001222222221000000000000000000000000000000
0000000000000000012222222210000000000000000000000000000000002222222221000000000000000000000000000000
0000000000000000012222222210000000000000000000000000000000002222222221000000000000000000000000000000
0000000000000000012222222220000000000000011110000000000000012222222221000000000000001111100000000011
0000000000000000012222222221000000000000111110000000000000012222222222000000000000011111110000000111
0000000000000000012222222221000000000001122211000000000000012222222222100000000000122221110000000111
0000000000000000012222222222000000000011222211000000000000122222222222100000000001222221110000000112
0000000000000000012222222222100000000012222211000000000000122222222222210000000011222221100000000011
0000000000000000012222222222100000000122222210000000000001222222222222210000000112222221000000000011
0000000000000000012222222222210000011222222210000000000001222222222222221000001122222211000000000001
0000000000000000012222222222211001112222222100000000000012222222222222221100112222222210000000000001
0000000000000000012222222222221111222222222100000000000012222222222222222111122222222110000000000000
0000000000000000012222222222221112222222221000000000000112222222222222222111222222222100000000000000
0000000000000000012222222222221122222222221000000000000112222222222222222112222222221000000000000000
0000000000000000012222222222221122222222210000000000000112222222222222222112222222221000000000000000
0000000000000000002222222222111122222222210000000000000011122222222222211112222222221000000000000000
0000000000000000002222222221111112222222100000000000000011111122222211111112222222210000000000000000
0000000000000000002222222211000112222222100000000000000000001111111110000011222222210000000000000000
0000000000000000002222222100000011222222100000000000000000000000000000000001122222210000000000000000
0000000000000000001222221000000001222222100000000000000000000000000000000000122222200000000000000000
0000000000000000001222210000000000122221000000000000000000000000000000000000012222100000000000000000
0000000000000000001222210000000000112221000000000000000000000000000000000000012222100000000000000000