00000122222222222222100000000000000000000000000000000000000000000000000000000000000000000000000000000000000000000000000000000000000000000000000000000000000000000000000000000000000000000000000000000000000000112222211000000000000000000000000000000000000000001122222110000000000000000000000000000000000000000000000000000000000000000000000011222221100000000000000000000000000000000000000000000000000000000000001122222110000000000000000000000000000000000000000000000000000000000000000001122222110000000000
00000122222222222222100000000000000000000000000000000000000000000000000000000000000000000000000000000000000000000000000000000000000000000000000000000000000000000000000000000000000000000000000000000000000000112222222110000000000000000000000000000000000000001112111100000000000000000000000000000000000000000000000000000000000000000000000001112211100000000000000000000000000000000000000000000000000000000000001112211100000000000000000000000000000000000000000000000000000000000000000001222222221100000000
00000122222222222222100000000000000000000000000000000000000000000000000000000000000000000000000000000000000000000000000000000000000000000000000000000000000000000000000000000000000000000000000000000000000000112222222211000000000000000000000000000000000000001111110000000000000000000000000000000000000000000000000000000000000000000000000000011111100000000000000000000000000000000000000000000000000000000000001111110000000000000000000000000000000000000000000000000000000000000000000001222222222211000000
00000012222222222222210000000000000000000000000000000000000000000000000000000000000000000000000011111111111111111000000000000000000000000000011111111000000000000000000000000000000000000000000000000000000000011122222211100000000000000000000000000000000000000111000000000000000000000000000000000000000000000000000000000000000000000000000000011111100000000000000000000000000000000000000000000000000000000000011111100000000000000000000000000000000000000000000000000000000000000000000001222222222222111000
00000001222222222222211000000000000000000000000000000000000000000000000000000000000000000000001222222222222222221111000000000000000000011111122222222111110000000000000000000000000000000000000000000000000000000011111111000000000000000000000000000000000000000000000000000000000000000000000000000011111111111000000000000000000000000000000000011111100000000000000000000000000000000000000000000000000000000000111111000000000000000000000000000000000000111111111100000000000000000000000001222222222222211111
00000000122222222222221100000000000000000000000000000000000000000000000000000000000000000000122222222222222222222211000000000000000000011122222222222222111000000000000000000000000000000000000000000000000000000000000000000000000000000000000000000000000000000000000000000000000000000000000000000122222222111000000000000000000000000000000000011111100000000000000000000000000000000000000000000000000000000011222211000000000000000000000000000000000000111222222210000000000000000000000001222222222222221122
00000000001222222222222211000000000000000000000000000000000000000000000000000000000000000001222222222222222222222210000000000000000000001122222222222222111000000000000000000000000000000000000000000000000000000000000000000000000000000000000000000000000000000000000000000000000000000000000000001222222222110000000000000000000000000000000000112221100000000000000000000000000000000000000000000000000000001122222211000000000000000000000000000000000000011222222221000000000000000000000001122222222221111112
00000000000012222222222221110000000000000000000000000000000000000000000000000000000000000001222222222222222222222100000000000000000000001122222222222221100000000000000000000000000000000000000000000000000000000000000000000000000000000000000000000000000000000000000000000000000000000000000000001222222221100000000000000000000000000000000001222222100000000000000000000000000000000000000000000000000000111222222210000000000000000000000000000000000000001122222221100000000000000000000001112222211111000111
00000000000001122222222222211000000000000000000000000000000000000000000000000000000000000001222222222222222222221000000000000000000000000122222222222110000000000000000000000000000000000000000000000000000000000000000000000000000000000000000000000000000000000000000000000000000000000000000000011222222110000000000000000000000000000000000112222222110000000000000000000000000000000000000000000000000011122222222210000000000000000000000000000000000000000011222221100000000000000000000000111111000000000000
00000000000000011222222222211100000000000000000000000000000000000000000000000000000000000001222222222222222222210000000000000000000000000012222222221000000000000000000000000000000000000000000000000000000000000000000000000000000000000000000000000000000000000000000000000000000000000000000000011222211000000000000000000000000000000000001222222222210000000000000000000000000000000000000000000011111111222222222110000000000000000000000000000000000000000000111211000000000000000000000000000000000000000000
00000000000000000112222222111000000000000000000000000000000000000000000000000000000000000000122222222222222221100000000000000000000000000011222222110000000000000000000000000000000000000000000000000000000000000000000000000000000000000000000000000000000000000000000000000000000000000000000000011221110000000000000000000000000000000000122222222222210000000000000000000000000000000000000111122222111111112222211100000000000000000000000000000000000000000000001111000000000000000000000000000000000000000000
00000000000000000000111111100000000000000000000000000000000000000000000000000000000000000000001122222222221100000000000000000000000000000011122211000000000000000000000000000000000000000000000000000000000000000000000000000000000000000000000000000000000000000111000000000000000000000000000000111111000000000000000000000000000000000001222222222222210000000000000000000000000000000000001122222222211111111111100000000000000000000000000000000000000000000000000000000000000000000000000000000000000000000000
00000000000000000000000000000000000000000000000000000000011110000000000000000000000000000000000000000000000000000000000000000000000000000011111111000000000000000000000000000000000000000000000000000000000000000000000000000000000000000000000000000000000000001111100000000000000000000000000001111110000000000000000000000000000000000012222222222222210000000000000000000000000000000000011222222222110000000000000000000000000000000000000000000000000000000000000000000000000000000000000000000000000000000000
00000000000000000000000000000000000000000000000000000000111111100000000000000000000000000000000000000000000000000000000000000000000000000011121110000000000000000000000000000000000000000000000000000000000000000000000000000000000000000000000000000000000000001111111000000000000000000000000011111110000000000000000000000000000000000012222222222222210000000000000000000000000000000000012222222211000000000000000000000000000000000000000000000000000000000000000000000000000000000000000000000000000000000000
00000000000000000000000000000000000000000000000000000000112222111000000000000000000000000000000000000000000000000000000000000000000000001112222110000000000000000000000000000000000000000000000000000000000000000000000000000000000000000000000000000000000000001122221110000000000000000000001112222110000000000000000000000000000000000012222222222222210000000000000000000000000000000000011222222110000000000000000000000000000000000000000000000000000000000000000000000000000000000000000000000000000000000000
00000000000000000000000000000000000000000000000000000000112222221100000000000000000000000000000000000000000000000000000000000000000000011222222110000000000000000000000000000000000000000000000000000000000000000000000000000000000000000000000000000000000000001122222211000000000000000000011222222110000000000000000000000000000000000012222222222222210000000000000000000000000000000000011122111000000000000000000000000000000000000000000000000000000000000000000000000000000000000000000000000000000000000000
00000000000000000000000000000000000000000000000000000000112222222211000000000000000000000000000000000000000000000000000000000000000001122222222110000000000000000000000000000000000000000000000000000000000000000000000000000000000000000000000000000000000000011222222222211000000000000001122222222211000000000000000000000000000000000012222222222222210000000000000000000000000000000000011111110000000000000000000000000000000000000000000000000000000000000000000000000000000000000000000000000000000000000000
00000000000000000000000000000000000000000000000000000000112222222211100000000000000000000000000000000000000000000000000000000000000011122222222110000000000000000000000000000000000000000000000000000111111111111111111111111111111110000000000000000000000000012222222222222111000000001112222222222221000000000000000000000000000000000122222222222222210000000000000000000000000000000000011111100000000000000000000000000000000000000000000000000000000000000000000000000000000000000000000000000000000000000000
11111111000000000000000000000000000000000000000000000000011122222111100000000000000000000000000000000000000000000000000000000000000011112222211100000000000000000000000000000000000000000000000000122222222222222222222222222222222222210000000000000000000000122222222222222222211111111222222222222222100000000000000000000000000000001122222222222222210000000000000000000000000000000000011111100000000000000000000000000000000111111111100000000000000000000000000000000000000000000000000000000000000000000000
22222222110000000000000000000000000000000000000000000000000011111000000000000000000000000000000000000000000000000000000000000000000000001111100000000000000000000000000000000000000000000000000112222222222222222222222222222222222222222110000000000000000011222222222222222222222221112222222222222222211000000000000000000000000000011222222222222222210000000000000000000000000000000000011111100000000000000000000000000000001122222221100000000000000000000000000000000000000000000000000000000000000000000000
22222222221100000000000000000000000000000000000000000000000000000000000000000000000000000000000000000000000000000000000000000000000000000000000000000000000000000000000000000000000000000000011222222222222222222222222222222222222222222221100000000000000112222222222222222222222222111122222222222222221100000000000000000000000000112222222222222222210000000000000000000000000000000000011121110000000000000000000000000000011222222221100000000000000000000000000000000000000000000000000000000000000000000000
22222222222211000000000000000000000000000000000000000000000000000000000000000000000000000000000000000000000000000000000000000000000000000000000000000000000000000000000000000000000000000001122222222222222222222222222222222222222222222222211000000000011222222222222222222222222211111111112222222222222211000000000000000000000011222222222222222222210000000000000000000000000000000000011222211000000000000000000000000000012222222211000000000000000000000000000000000000000000000000000000000000000000000000
12222222222222110000000000000000000000000000000000000000000000000000000000000000000000000000000000000000000000000000000000000000000000000000000000000000000000000000000000000000000000000012222222222222222222222222222222222222222222222222222111000011112222222222222222222222222110000000000011222222222221110000000000000000001112222222222222222222210000000000000000000000000000000000112222222100000000000000000000000000011222222110000000000000000000000000000000000000000000000000000000000000000000000000
01122222222222221000000000000000000000000000000000000000000000000000000000000000000000000000000000000000000000000000000000000000000000000000000000000000000000000000000000000000000000001222222222222222222222222222222222222222222222222222222211111111122222222222222222222222211000000000000000011222222222111100000000000000111122222222222222222222210000000000000000000000000000000000122222222221000000000000000000000000011222211000000000000000000000000000000000000000000000000000000000000000000000000000
00012222222222222110000000000000000111111000000000000000000000000000000000000000000000000000000000000000000000000000000000000000000000000000000000000000000000000000000000000000000000112222222222222222222222222222222222222222222222222222222211111111122222222222222222222222100000000000000000000111222222111110000000000001111122222222222222222222210000000000000000000000000000000000122222222222100000000000000000000000001111100000000000000000000000000000000000000000000000000000000000000000000000000000
00001222222222222111000000000000111222222211000000000000000000000000000000000000000000000000000000000000000000000000000000000000000000000000000000000000000000000000000000000000000001122222222222222222222222222222222222222222222222222222111111111111111111222222222222222221000000000000000000000000111111111000000000000000011111111222222222222222110000000000000000000000000000000000122222222222210000000000000000000000000000000000000000000000000000000000000001100000000000000000000000000000000000000000
00000122222222222110000000000000111222222221100000000000000000000000000000000000000000000000000000000000000000000000000000000000000000000000000000000000000000000000000000000000000001122222222222211111111111111111111111111111111111110000000000000000000000111222222222222210000000000000000000000000000000000000000000000000000000000111222222222222110000000000000000000000000000000000122222222222221000000000000000000000000000000000000000000000000000000000000001111000000000000000000000000000001111000000
00000112222222221100000000000000011222222221100000000000000000000000000000000000000000001111110000000000000000000000000000000000000000000000000000000000000000000000000000000000000001222222222110000000000000000000000000000000000000000000000000000000000000000011222222222110000000000000000000000000000000000000000000000000000000000000011222222222100000000000000000000000000000000000122222222222222100000000000000000000000000000000000000000000000000000000000011111110000000000000000000000000111111100000
00000011222222110000000000000000000112222221100000000000000000000000000000000000000000011222211000000000000000000000000000000000000000000000000000000000000000000000000000000000000001122222211000000000000000000000000000000000000000000000000000000000000000000000112222221100000000000000000000000000000000000000000000000000000000000000000112222221100000000000000000000000000000000000122222222222222100000000000000000000000000000000000000000000000000000000000011222211000000000000000000000001122221100000
00000011222211000000000000000000000001122221100000000000000000000000000000000000000001122222211000000000000000000000000000000000000000000000000000000000000000000000000000000000000001122221100000000000000000000000000000000000000000000000000000000000000000000000001122221100000000000000000000000000000000000000000000000000000000000000000001122221100000000000000000000000000000000000122222222222222100000000000000000000000000000000000000000000000000000000000011222222110000000000000000000112222221100000
00000011111110000000000000000000000000111111100000000000000000000000000000000000000112222222221000000000000000000000000000000000000000000000000000000000000000000000000000000000000001111111000000000000000000000000000000000000000000000000000000000000000000000000000111111100000000000000000000000000000000000000000000000000000000000000000000111111100000000000000000000000000000000000122222222222222100000000000000000000000000000000000000000000000000000000000011222222221100000000000000011222222222110000
00000111111100000000000000000000000000000110000000000000000000000000000000000000011122222222211000000000000000000000000000000000000000000000000000000000000000000000000000000000000000011000000000000000000000000000000000000000000000000000000000000000000000000000000000100000000000000000000000000000000000000000000000000000000000000000000000011111100000000000000000000000000000000000012222222222221000000000000000000000000000000000000000000000000000000000000001222222222111000000000011122222222222210000
00001112221100000000000000000000000000000000000000000000000000000000000111111111111222222222110000000000000000000000000001111111000000000000000000000000000000000000000000000000000000000000000000000000000000000000000000000000000000000000000000000000000000000000000000000000000000000000000000000000000000000000000000000000000000000000000000001111110000000000000000000000000000000000001222222222210000000000000000000000000000000000000000000000000000000000000000112222222211111111111222222222222222221000
00011222222110000000000000000000000000000000000000000000000000000000011222221111111111111111000000000000000000000000000112222211110000000000000000000000000000000000000000000000000000000000000000000000000000000000000000000000000000000000000000000000000000000000000000000000000000000000000000000000000000000000000000000000000000000000000000000112211100000000000000000000000000000000000012222221000000000000000000000000000000000000000000000000000000000000000000000111111111111112222222222222222222222100
01122222222210000000000000000000000000000000000000000000000000000011222222222211111100000000000000000000000000000000112222222221110000000000000000000000000000000000000000000000000000000000000000000000000000000000000000000000000000000000000000000000000000000000000000000000000000000000000000000000000000000000000000000000000000000000000000000112222211000000000000000000000000000000000000000000000000000000000000000000000000000000000000000000000000000000000000000000000111111222222222222222222222222211
11222222222211000000000000000000000000000000000000000000000000011222222222222111000000000000000000000000000000000112222222222221100000000000000000000000000000000000000000000000000000000000000000000000000000000000000000000000000000000000000000000000000000000000000000000000000000000000000000000000000000000000000000000000000000000000000000000012222221100000000000000000000000000000000000000000000000000000000000000000000000000000000000000000000000000000000000000000000000011122222222222222222222222221
22222222222221000000000000000000000000000000000000000000000001222222222222211000000000000000000000000000000000012222222222222110000000000000000000000000000000000000000000000000000000000000000000000000000000000000000000000000000000000000000000000000000000000000000000000000000000000000000000000000000000000000000000000000000000000000000000000011222222211000000000000000000000000000000000000000000000000000000000000000000000000000000000000000000000000000000000000000000000000011222222222222222222222222
22222222222222100000000000000000000000000000000000000000001122222222222222100000000000000000000000000000000011222222222222221000000000000000000000000000000000000000000000000000000000000000000000000000000000000000000000000000000000000000000000000000000000000000000000000000000000000000000000000000000000000000000000000000000000000000000000000001222222221100000000000000000000000000000000000000000000000000000000000000000000000000000000000000000000000000000000000000000000000000122222222222222222222222
22222222222222211000000000000000000000000000000000000000012222222222222211000000000000000000000000000000000122222222222222110000000000000000000000000000000000000000000000000000000000000000000000000000000000000000000000000000000000000000000000000000000000000000000000000000000000000000000000000000000000000000000000000000000000000000000000000000112222221110000000000000000000000000000000000000000000000000000000000000000000000000000000000000000000000000000000000000000000000000011222222222222222222222
11122222222222221100000000000000000000000000000000000000122222222222222110000000000000000000000000000000001222222222222221100000000000000000000000000000000000000000000000000000000000000000000000000000000000000000000000000000000000000000000000000000000000000000000000000000000000000000000000000000000000000000000000000000000000000000000000000000011111111100000000000000000000000000000000000000000000000000000000000000000000000000000000000000000000000000000000000000000000000000000122222222222222222211
00011112222222222110000000000000000000000000000000000001222222222222222100000000000000000000000000000000012222222222222221000000000000000000000000000000000000000000000000000000000000000000000000000000000000000000000000000000000000000000000000000000000000000000000000000000000000000000000000000000000000000000000000000000000000000000000000000000000000000000000000000000000000000000000000000000000000000000000000000000000000000000000000000000000000000000000000000000000000000000000012222222222222211100
00000001122222222211000000000000000000000000000000000001222222222222221000000000000000000000000000000000012222222222222210000000000000000000000000000000000000000000000000000000000000000000000000000000000000011110000000000000000000000000000000000000000000000111110000000000000000000000000000000000000000000000000000011110000000000000000000000000000000000000000000000000000000000000000000000000000000000000000000000000000000000000000000000000000000000000000000000000000000000000000011222222222211000000
00000000011222222211000000000000000000000000000000000001222222222222221000000000000000000000000000000000012222222222222210000000000000000000000000000000000000000000000000000000000000000000000000000000000000111221110000000000000000000000000000000000000000001112211100000000000000000000000000000000000000000000000011122111000000000000000000000000000000000000000000000000000000000000000000000000000000000000000000000000000000000000000000000000000000000000000000000000000000000000000001222222221100000000
00000000000112222211000000000000000000000000000000000001222222222222221000000000000000000000000000000000012222222222222210000000000000000000000000000000000000000000000000000000000000000000000000000000000000112222211000000000000000000000000000000000000000001122222110000000000000000000000000000000000000000000000112222211000000000000000000000000000000000000000000000000000000000000000000000000000000000000000000000000000000000000000000000000000000000000000000000000000000000000000001122222110000000000
00000000000001111111000000000000000000000000000000000001222222222222221000000000000000000000000000000000012222222222222210000000000000000000000000000000000000000000000000000000000000000000000000000000000000122222222110000000000000000000000000000000000000001222222221100000000000000000000000000000000000000000011222222221000000000000000000000000000000000000000000000000000000000000000000000000000000000000000000000000000000000000000000000000000000000000000000000000000000000000000001112111000000000000
00000000000000001100000000000000000000000000000000000001222222222222221000000000000000000000000000000000012222222222222210000000000000000000000000000000000000000000000000000000000000000000000000000000000001122222222222110000000000000000000000000000000000001222222222221110000000000000000000000000000000000001122222222221000000000000000000000000000000000000000000000000000000000000000000000000000000000000000000000000000000000000000000000000000000000000000000000000000000000000000001111110000000000000
00000000000000000000000000000000000000000000000000000001222222222222221000000000000000000000000000000000012222222222222221000000000000000000000000000000000000000000000000000000000000000000000000000000000011222222222222222111110000000000000000000000000000011222222222222222222222222211111100000000000000000011122222222221000000000000000000000000000000000000000000000000111122222222222222221111111111111100000000000000000000000000000000000011111122222222211100000000000000000000000011111100000000000000
00000000000000000000000000000000000000000000000000000001222222222222210000000000000000000000000000000000001222222222222222100000000000000000001111100000000000000000000000000000000000000000000000000000000112222222222222222222211110000000000000000000000000012222222222222222222222222222222211100000000000000001122222222221000000000000000000000000000000000000000000000012222222222222222222222222222222221111111000000000000000000000000000011122222222222222222221000000000000000000001111111000000000000000
00000000000000000000000000000000000000000000000000000001222222222222100000000000000000000000000000000000000122222222222222210000000000000000112222211000000000000000000000000000000000000000000000000000001222222222222222222222222110000000000000000000000000012222222222222222222222222222222221100000000000000000112222222221000000000000000000000000000000000000000000001222222222222222222222222222222222222211111000000000000000000000000000011222222222222222222222211000000000000000011222211000000000000000
00000000000000000000000000000000000000000000000000000001122222222210000000000000000000000000000000000000000001222222222222221100000000000111222222222110000000000000000000000000000000000000000000000000112222222222222222222222222110000000000000000000000000012222222222222222222222222222222221000000000000000000011222222211000000000000000000000000000000000000000000012222222222222222222222222222222222222211100000000000000000000000000000001222222222222222222222222110000000000001122222211000000000000000
00000000000000000000000000000000000000000000000000000000112222211000000000000000000000000000000000000000000000011222222222222211000000011122222222222221100000000000000000000000000000000000000000000011222222222222222222222222211100000000000000000000000000012222222222222222222222222222222210000000000000000000000112222211000000000000000000000000000000000000000000122222222222222222222222222222222222221110000000000000000000000000000000000122222222222222222222222221100000000112222222210000000000000000
00000000000000000000000000000000000000000000000000000000011111000000000000000000000000000000000000000000000000000011222222222221111111112222222222222222110000000000000000000000000000000000000000001112222222222222222222222222110000000000000000000000000000012222222222222222222222222222222100000000000000000000000011122111000000000000000000000000000000000000000001222222222222222222222222222222222222211000000000000000000000000000000000000012222222222222222222222222211111111122222222100000000000000000
00000000000000000000000000000000000000000000000000000000000000000000000000000000000011111111000000000000000000000000011222222222111111112222222222222222111000000000000000000000000000000000111111111122222222222222222222222221000000000000000000000000000000012222222222222222222222222222221000000000000000000000000001111111000000000000000000000000000000000000000012222222222222222222222222222222222222100000000000000000000000000000000000000001222222222222222222222222221111111222222221000000000000000000
00000000000000000000000000000000000000000000000000000000000000000000000000000000011222222222211000000000000000000000000111222111111111111112222222222211110000000000000000000000000000011122222221111111122222222222222222222110000000000000000000000000000000012222222222222222222222222222100000000000000000000000000000111111000000000000000000000000000000000000001122222222222222222222222222222222222211000000000000000000000000000000000000000000012222222222222222222222111111111111221110000000000000000000
00000000000000000000000000000000000000000000000000000000000000000000000000000000012222222222221000000000000000000000000000011110000000000111111111111111000000000000000000000000000000112222222221111111111112222222222222221100000000000000000000000000000000011222222222222222222222211110000000000000000000000000000000111111000000000000000000000000000000000000011222222222222222222222222222222222222110000000000000000000000000000000000000000000000111122222222221111111110000000011110000000000000000000000
00000000000000000000000000000000000000000000000000000000000000000000000000000000122222222222222100000000000000000000000000000000000000000000000000000000000000000000000000000000000001122222222211000000000000112222222222211000000000000000000000000000000000001222222222221110000000000000000000000000000000000000000001111111000000000000000000000000000000000000112222222222111000000000111222222222221100000000000000000000000000000000000000000000000000000000000000000000000000000000000000000000000000000000
00000000000000000000000000000000000000000000000000000000000000000000000000000000122222222222222100000000000000000000000000000000000000000000000000000000000000000000000000000000000001122222221100000000000000000112222222210000000000000000000000000000000000001222222221100000000000000000000000000000000000000000000001112111000000000000000000000000000000000000112222222110000000000000000011222222221000000000000000000000000000000000000000000000000000000000000000000000000000000000000000000000000000000000
00000000000000000000000000000000000000000000000000000000000000000000000000000000122222222222222100000000000000000000000000000000000000000000000000000000000000000000000000000000000001122222110000000000000000000001122222110000000000000000000000000000000000001122222110000000000000000000000000000000000000000000000112222211000000000000000000000000000000000000112222211000000000000000000000112222211000000000000000000000000000000000000000000000000000000000000000000000000000000000000000000000000000000000
00000000000000000000000000000000000000000000000000000000000000000000000000000000122222222222222100000000000000000000000000000000000000000000000000000000000000000000000000000000000001112211100000000000000000000000111221110000000000000000000000000000000000001112211100000000000000000000000000000000000000000000011222222211000000000000000000000000000000000000111221110000000000000000000000011122111000000000000000000000000000000000000000000000000000000000000000000000000000000000000000000000000000000000
00000000000000000000000000000000000000000000000000000000000000000000000000000000122222222222222100000000000000000000000000000000000000000000000000000000000000000000000000000000000000111110000000000000000000000000001111100000000000000000000000000000000000000111110000000000000000000000000000000000000000000000112222222221000000000000000000000000000000000000011111000000000000000000000000000111110000000000000000000000000000000000000000000000000000000000000000000000000000000000000000000000000000000000
00000000000000000000000000000000000000000000000000000000000000000000000000000000012222222222221000000000000000000000000000000000000000000000000000000000000000000000000000000000000000011000000000000000000000000000000011000000000000000000000000000000000000000011000000000000000000000000000000000000000000000001122222222221000000000000000000000000000000000000001100000000000000000000000000000000000000000000000000000000000000000000000000000000000000000000000000000000000000000000000000000000000000000000
00000000000000000000000000000000000000000000000000000001100000000000000000000000001122222222110000000000000000000000000000000000000000000000000000000000000000000000000000000000000000000000000000000000000000000000000000000000000000000000000000000000000000000000000000000000000000000000000000000000000000000011122222222221000000000000000000000000000000000000000000000000000000000000000000000000000000000000000000000000000011111111100000000000000000000000000000000000000000000000000000000000000000000000
00000000000000000000000000000000000000000000000000001111110000000000000000000000000001111110000000000000000000000000000000000000000000000000000000000000000000000000000000000000000000000000000000000000000000000000000000000000000000000000000000000000000000000000000000000000000000000000000000000000000000000001122222222221000000000000000000000000000000000000000000000000000000000000000000000000000000000000000000000000000112222221110000000000000000000000000000000000000000000000000000000000000000000000
00000000000000000000000000000000000000000000000000011222211000000000000000000000000000000000000000000000000000000000000000000000000000000000000000000000000000000000000000000000000000000000000000000000000000000000000000000000000000000000000000000000000000000000000000000000000000000000000000000000000000000000011222222221000000000000000000000000000000000000000000000000000000000000000000000000000000000000000000000000001222222221100000000000000000000000000000000000000000000000000000000000000000000000
11000000000000000000000000000000000000000000000001122222221000000000000000000000000000000000000000000000000000000000000000000000000000000000000000000000000000000000000000000000000000000000000000000000000000000000000000000000000000000000000000000000000000000000000000000000000000000000000000000000000000000000001112222211000000000000000000000000000000000000000000000000000000000000000000000000000000000000000000000000011222222211000000000000000000000000000000000000000000000000000000000000000000000000
22110000000000000000000000000000000000000000000112222222221000000000000000000000000000000000000000000000000000000000000000000000000000000000000000000000000000000000000000000000000000000000000000000000000000000000000000000000000000000000000000000000000000000000000000000000000000000000000000000000000000000000000011222211000000000000000000000000000000000000000000000000000000000000000000000000000000000000000000000000012222221100000000000000000000000000000000000000000000000000000000000000000000000000
22111000000000000000000000000000000000000000001112222222211000000000000000000000000000000000000000000000000000000000000000000000000000000000000000000000000000000000000000000000000000000000000000000000000000000000000000000000000000000001111110000000000000000000000000000000000000000000000000000000000000000000000001111111000000000000000000000000000000000000000000000000000000000000000000000000000000000000000000000000112222211000000000000000000000000000000000000000000000000000000000000000000000000000
21111000000000000000000000000000000000000000001111222222110000000000000000000000000000000000000000000000000000000000000000000000000000000000000000000000000000000000000000000000000000000000000000000000000000000000000000000000000000001222222222210000000000000000000000000000000000000000000000000000000000000000000000111111000000000000000000000000000000000000000000000000000000000000000000000000000000000000000000000000112211100000000000000000000000000000000000000000000000000000000000000000000000000000
11110000000000000000000000000000000000000000000111111111000000000000000000000000000000000000000000000000000000000000000000000000000000000000000000000000000000000000000000000000000000000000000000000000000000000000000000000000000000012222222222221000000000000000000000000000000000000000000000000000000000000000000000111111000000000000000000000000000000000000000000000000000000000000000000000000000000000000000000000001111110000000000000000000000000000000000000000000000000000000000000000000000000000000
00000000000000000000000000000000000000000000000000000000000000000000000000000000000000000000000000000000000000000000000000000000000000000000000000000000000000000000000000000000000000000000000000000000000000000000000000000000000000122222222222222100000000000000000000000000000000000000000000000000000000000000000000111111000000000000000000000000000000000000000000000000000000000000000000000000000000000000000000000011111100000000000000000000000000000000000000000000000000000000000000000000000000000000
00000000000000000000000000000000000000000000000000000000000000000000000000000000000000000000000000000000000000000000000000000000000000000011111100000000000000000000000000000000000000000000000000000000000000000000000000000000000000122222222222222100000000000000000000000000000000000000000000000000000000000000000001111111000000000000000000000000000000000000000000000000000000000000000000000000000000000000000000000111111100000000000000000000000000000000000001111110000000000000000000000000000000000000
00000000000000000000000000000000000000000000000000000000000000000000000000000000000000000000000000000000000000000000000000000000000000000112222110000000000000000000000000000000000000000000000000000000000000000000000000000000000000122222222222222100000000000000000000000000000000000000000000000000000000000000000011222211000000000000000000000000000000000000000000000000000000000000000000000000000000000000000000001122221100000000000000000000000000000000000011222211000000000000000000000000000000000000
00000000000000000000000000000000000000000000000000000000000000000000000000000000000000000000000000000000000000000000000000000000000000011222222110000000000000000000000000000000000000000000000000000000000000000000000000000000000000122222222222222100000000000000000000000000000000000000000000000000000000000000001122222211000000000000000000000000000000000000000000000000000000000000000000000000000000000000000000112222221100000000000000000000000000000000000011222222110000000000000000000000000000000000
00000000000000000000000000000000000000000000000000000000000000000000000000000000000000000000000000000000000000000000000000000000000001122222222110000000000000000000000000000000000000000000000000000000000000000000000000000000000000122222222222222100000000000000000000000000000000000000000000000000000000000000112222222221000000000000000000000000000000000000000000000000000000000000000000000000000000000000000011222222221100000000000000000000000000000000000112222222221100000000000000000000000000000000
00000000000000000000000000000000000000000000000000000000000000000000000000000000000000000000000000000000000000000000000000000000000011122222222110000000000000000000000000000000000000000000000000000000000000000000000000000000000001222222222222222100000000000000000000000000000000000000000000000000000000000111222222222211000000000000000000000000000000000000000000000000000000000000000000000000000001111111112222222222221000000000000000000000000000000000000122222222222211100000000000000000000000000000
00000000000000000000111111111000000000000000000000000000000000000000000011111111111111111000000000000000000000000000000000000000000011122222221100000000000000000000000000000000000000000000000000000000000000000000000000000000000001222222222222222100000000000000000000000000000000000000000000000000011111112222222222222211000000000000000000000001110000000000000000000000000000000000000000000000011222222222222222222222210000000000000000000000000000000000001222222222222222111111111111111111100000000000
00000000000000000011222222211100000000000000000000000000000000000000000111222222222222211110000000000000000000000000000000000000000000011111100000000000000000000000000000000000000000000000000000000000000000000000000000000000000012222222222222222100000000000000000000000000000000000000000000000001111222222222222222222110000000000000000000000111111100000000000000000000000000000000000000000000122222222222222222222222100000000000000000000000000000000000012222222222222222211122222222222221111000000000
00000000000000000112222222211100000000000000000000000000000000000000000111222222222222221110000000000000000000000000000000000000000000000000000000000000000000000000000000000000000000000000000000000000000000000000000000000000001122222222222222222100000000000000000000000000000000000000000000000000111222222222222222221000000000000000000000011222222211000000000000000000000000000000000000000001222222222222222222222221000000000000000000000000000000000001122222222222222221111222222222222222111000000000
00000000000000000122222222111000000000000000000000000000000000000000000011122222222222221100000000000000000000000000000000000000000000000000000000000000000000000000000000000000000000000000000000000000000000000000000000000000112222222222222222222100000000000000000000000000000000000000000000000000011122222222222222110000000000000000000001122222222222110000000000000000000000000000000000000001222222222222222222222210000000000000000000000000000000000112222222222222211111111112222222222222110000000000
00000000000000001122222221100000000000000000000000000000000000000000000000112222222222221000000000000000000000000000000000000000000000000000000000000000000000000000000000000000000000000000000000000000000000000000000000000001122222222222222222222100000000000000000000000000000000000000000000000000000112222222222211000000000000000000000012222222222222211100000000000000000000000000000000000001222222222222222222222100000000000000000000000000000000001122222222222111000000000011222222222222100000000000
00000000000000001122222110000000000000000000000000000000000000000000000000001122222222211000000000000000000000000000000000000000000000000000000000000000000000000000000000000000000000000000000000000000000000000000000000000011222222222222222222222100000000000000000000000000000000000000000000000000000001122222221100000000000000000000001122222222222222221111110000000000000000000000000000000000222222222222222222210000000000000000000000000000000000011222222222211000000000000000112222222221100000000000
00000000000000001122211000000000000000000000000000000000000000000000000000000012222222110000000000000000000000000000000000000000000000000000000000000000000000000000000000000000000000112222221100000000000000000000000000000011222222222222222222222100000000000000000000000000000000000000000000000000000000011222110000000000000000000000012222222222222222221111111111110000000000000000000000000000012222222222222222100000000000000000000000000000000000111222222211000000000000000000001222222211000000000000
00000000000000001111110000000000000000000000000000000000000000000000000000000001122222110000000000000000000000000000000000000000000000000000000000000000000000000000000000000000000001222222222221000000000000000000000000000011111122222222222222221100000000000000000000000000000000000000000000000000000000000111000000000000000000000000122222222222222211111111112222222110000000000000000000000000001222222222222210000000000000000000000000000000000000011111111100000000000000000000000112222211000000000000
00000000000000011111100000000000000000000000000000000000000000000000000000000000111221110000000000000000000000000000000000000000000000000000000000000000000000000000000000000000000012222222222222100000000000000000000000000000000001112222222222221100000000000000000000000000000000000000000000000000000000000000000000000000000000000001122222222222111000000001111222222221100000000000000000000000000001111111110000000000000000000000000000000000000000000000000000000000000000000000000011122111000000000000
00000000000001111111000000000000000000000000000000000000000000000000000000000000011111110000000000000000000000000000000000000000000000000000000000000000000000000000000000000000000012222222222222210000000000000000000000000000000000001122222222221000000000000000000000000000000000000000000000000000000000000000000000000000000000000001222222222111000000000000001122222222110000000000000000000000000000000000000000000000000000000000000000000000000000000000000000000000000000000000000001111111000000000000
00000000000011122111000000000000000000000000000000000000000000000000000000000000011222211000000000000000000000000000000000000000000000000000000000000000000000000000000000000000000012222222222222210000000000000000000000000000000000000001122222211000000000000000000000000000000000000000000000000000000000000000000000000000000000000001122222211000000000000000000011222222110000000000000000000000000000000000000000000000000000000000000000000000000000000000000000000000000000000000000001122221100000000000
00000000001122222211000000000000000000000000000000000000000000000000000000000000011222222110000000000000000000000000000000000000000000000000000000000000000000000000000000000000000012222222222222210000000000000000000000000000000000000000111222211000000000000000000000000000000000000000000000000000000000000000000000000000000000000001122221110000000000000000000001112222110000000000000000000000000000000000000000000000000000000000000000000000000000000000000000000000000000000000000001122222211000000000
00000000011222222221000000000000000000000000000000000000000000000000000000000000012222222221100000000000000000000000000000000000000000000000000000000000000000000000000000000000000012222222222222210000000000000000000000000000000000000000001111111000000000000000000000000000000000000000000000000000000000000000000000000000000000000001111111000000000000000000000000011111110000000000000000000000000000000000000000000000000000000000000000000000000000000000000000000000000000000000000001122222221100000000
00000001122222222211000000000000000000000000000000000000000000000000000000000000122222222222211000000000000000000000000000000000000000000000000000000000000000000000000000000000000012222222222222210000000000000000000000000000000000000000000001110000000000000000000000000000000000000000000000000000000000000000000000000000000000000001111110000000000000000000000000000111000000000000000000000000000000000000000000000000000000000000000000000000000000000000000000000000000000000000000001122222222111000000
11111111222222222110000000000000000000000000000111110000000000000000000000000001122222222222222211111110000000000000000000000000000000000000000000000000000000000000000000000000000001222222222221100000000000000000000000000000000000000000000000000000000000000000000000000000000000000000000000000000000000000000000000000000000000000001111110000000000000000000000000000000000000000000000000000000000000000000000000000000001122222222222110000000000000000000000000000000000000000000000000112222222111000000
21111111122222111100000000000000000000000000112222211100000000000000000000000012222222222222222222222111111000000000000000000000000000000000000000000000011111110000000000000000000000122222222110000000000000000000000000000000000000000000000000000000000000000000000000000000000000000000000000000000000000000000000000000000000000000001111110000000000000000000000000000000000000000000000000000000000000000000000000000001122222222222222222110000000000000000000000000000000000000000000000011111111100000000
22211111111000000000000000000000000000000112222222221110000000000000000000000122222222222222222222222211110000000000000000000000000000000000000000000000112222211000000000000000000000001111100000000000000000000000000000000000000000000000000000000000000000000000000000000000000000000000000000000000000000000000000000000000000000000001111111000000000000000000000000000000000000000000000000000000000000000000000000000012222222222222222222221000000000000000000000000000000000000000000000000000000000000000
22111000000000000000000000000000000000011222222222221100000000000000000000011222222222222222222222222211100000000000000000000000000000000000000000000011222222222110000000000000000000000000000000000000000000000000000000000000000000000000000000000000000000000000000000000000000000000000000000000000000000000000000000000000000000000001112211100000000000000000000000000000000000000000000000000000000000000000000000000122222222222222222222222100000000000000000000000000000000000000000000000000000000000000
11100000000000000000000000000000000011222222222222111000000000000000000001122222222222222222222222221110000000000000000000000000000000000000000000001122222222222221100000000000000000000000000000000000000000000000000000000000000000000000000000000000000000000000000000000000000000000000000000000000000000000000000000000000000000000001122222110000000000000000000000000000000000000000000000000000000000000000000000001222222222222222222222222210000000000000000000000000000000000000000000000000000000000000
10000000000000000000000000000000001222222222222221100000000000000000000011222222222222222222222222211000000000000000000000000000000000000000000000111222222222222222211000000000000000000000000000000000000000000000000000000000000000000000000000000000000000000000000000000000000000000000000000000000000000000000000000000000000000000001222222221100000000000000000000000000000000000000000000000000000000000000000000012222222222222222222222222221000000000000000000000000000000000000000000000000000000000000
00000000000000000000000000000000122222222222222110000000000000000000000111222222222222222222222221100000000000000000000000000000000000000000000001111222222222222222221100000000000000000000000000000000000000000000000000000000000000000000000000000000000000000000000000000000000000000000000000000000000000000000000000000000000000000001222222222110000000000000000000000000000000000000000000000000000000000000000000122222222222222222222222222221100000000000000000000000000000000000000000000000000000000000
00000000000000000000000000000001222222222222221100000000000000000000000011111222222222222222222211000000000000000000000000000000000000000000000000111111222222222222222210000000000000000000000000000000000000000000000000000000000000000000000000000000000000000000000000000000000000000000000000000000000000000000000000000000000000000001222222222211000000000000000000000000000000000000000000000000000000000000000011222222222222222222222222222111100000000000000000111122211100000000000000000000000000000000
00000000000000000000000000000012222222222222221000000000000000000000000000000111122222222222222110000000000000000000000000000000000000000000000000000000111122222222222211000000000000000000000000000000000000000000000000000000000000000000000000000000000000000000000000000000000000000000000000000000000000000000000000000000000000000001222222222211100000000000000000000000000000000000000000000000000000000000000112222222222222221111111111111100000000000000000001112222222211000000000000000000000000000000
00000000000000000000000000000012222222222222210000000000000000000000000000000000011122222222221100000000000000000000000000000000000000000000000000000000000001122222222221000000000000000000000000000000000000000000000000000000000000000000000000000000000000000000000000000000000000000000000000000000000000000000000000000000000000000001222222222111000000000000000000000000000000000000000000000000000000000000001122222222211100000000000000000000000000000000000000112222222211000000000000000000000000000000
00000000000000000000000000000012222222222222210000000000000000000000000000000000000011222222221000000000000000000000000000000000000000000000000000000000000000011222222211000000000000000000000000000000000000000000000000000000000000000000000000000000000000000000000000000000000000000000000000000000000000000000000000000000000000000001222222221100000000000000000000000000000000000000000000000000000000000000001122222221100000000000000000000000000000000000000000011222222211000000000000000000000000000000
